0.000023
0.000023
0.000114
0.000117
0.000094
0.000119
0.00009
0.000147
0.000162
0.000155
0.000089
0.000082
0.000098
0.000132
0.000198
0.000192
0.000236
0.000212
0.000133
0.000129
0.000159
0.000135
0.000277
0.00029
0.000275
0.000303
0.000364
0.000377
0.000371
0.000363
0.000503
0.000512
0.00051
0.000524
0.000535
0.000736
0.000727
0.000748
0.000755
0.001241
0.001272
0.00128
0.001288
0.001312
0.000805
0.000818
0.000843
0.000831
0.001494
0.001502
0.001533
0.001545
0.001121
0.001131
0.001159
0.001138
0.001172
0.002048
0.002062
0.002095
0.002096
0.001214
0.001227
0.001219
0.001255
0.00165
0.001668
0.001665
0.001701
0.001696
0.001645
0.001685
0.001661
0.001678
0.002215
0.002215
0.002203
0.002251
0.002252
0.001537
0.001543
0.00156
0.001571
0.002722
0.002759
0.002777
0.002789
0.002826
0.001742
0.001745
0.00178
0.001766
0.002076
0.002097
0.002146
0.002153
0.00215
0.003542
0.003599
0.003617
0.003637
0.002863
0.002892
0.002886
0.002921
0.00374
0.003792
0.003821
0.00385
0.003876
0.003064
0.003102
0.003105
0.003122
0.004458
0.004496
0.004526
0.00458
0.003351
0.003401
0.003394
0.00345
0.003438
0.00509
0.00512
0.005157
0.005168
0.00372
0.003715
0.003759
0.00376
0.003805
0.005113
0.005125
0.005156
0.005184
0.004132
0.004186
0.004214
0.004215
0.004667
0.004711
0.004779
0.004796
0.004799
0.002966
0.002966
0.00297
0.003009
0.004056
0.004069
0.004101
0.004098
0.004128
0.002674
0.002674
0.002688
0.00269
0.00262
0.002666
0.002662
0.002649
0.003196
0.003161
0.003178
0.003183
0.003253
0.005655
0.005666
0.00571
0.005762
0.002439
0.002438
0.002452
0.002437
0.00311
0.003198
0.003241
0.003253
0.003278
0.002654
0.002664
0.002741
0.002696
0.003521
0.00354
0.003568
0.003589
0.003585
0.003176
0.003194
0.00321
0.003208
0.005768
0.005749
0.005766
0.005817
0.005836
0.005339
0.00537
0.005415
0.005449
0.00813
0.008134
0.00824
0.008237
0.008255
0.006811
0.006892
0.00687
0.006927
0.009131
0.009173
0.009199
0.009232
0.006633
0.006702
0.006707
0.006739
0.006765
0.006946
0.006965
0.006986
0.007032
0.016994
0.017013
0.017088
0.017153
0.017198
0.016314
0.016315
0.01641
0.016462
0.007994
0.007982
0.008035
0.008092
0.008089
0.008715
0.008752
0.008779
0.008894
0.006227
0.00625
0.006277
0.006312
0.009095
0.009205
0.009212
0.009236
0.009279
0.00775
0.007775
0.007819
0.00783
0.014784
0.014829
0.014889
0.014928
0.013184
0.013254
0.013301
0.013352
0.013378
0.018734
0.018818
0.018892
0.018937
0.013537
0.013591
0.013632
0.013692
0.01373
0.016476
0.016545
0.016556
0.016608
0.022398
0.022456
0.022544
0.022622
0.012564
0.01261
0.012654
0.012692
0.012729
0.021385
0.021428
0.021514
0.021586
0.011687
0.011738
0.01173
0.011781
0.020654
0.020672
0.020767
0.02085
0.02091
0.010945
0.011015
0.011034
0.011084
0.01426
0.014316
0.014353
0.014378
0.012483
0.012501
0.012541
0.012567
0.012621
0.014201
0.014229
0.014303
0.01436
0.007597
0.007635
0.007653
0.007694
0.007694
0.013581
0.013641
0.013709
0.013754
0.008197
0.00823
0.008266
0.008298
0.013211
0.013316
0.013357
0.013404
0.013441
0.008196
0.008239
0.008284
0.00834
0.012102
0.012175
0.012316
0.012383
0.012503
0.007167
0.007229
0.007289
0.007313
0.010135
0.010221
0.010305
0.010359
0.010444
0.009559
0.009641
0.009716
0.009811
0.008892
0.009001
0.009091
0.009208
0.003737
0.003721
0.003733
0.003738
0.003719
0.005534
0.005493
0.005492
0.005422
0.004476
0.004436
0.004462
0.004437
0.008845
0.008808
0.008829
0.008799
0.008769
0.00777
0.007779
0.007764
0.007766
0.009957
0.009976
0.009959
0.009965
0.009962
0.010772
0.010775
0.010786
0.010813
0.014479
0.014515
0.014553
0.014575
0.010298
0.010352
0.010346
0.01038
0.010423
0.018107
0.018209
0.018236
0.018323
0.012427
0.012467
0.012539
0.012576
0.020691
0.020775
0.020906
0.020957
0.021038
0.012351
0.012441
0.012497
0.012549
0.015729
0.015807
0.015861
0.015996
0.016062
0.016179
0.016211
0.016272
0.016393
0.014574
0.014671
0.014748
0.014817
0.01379
0.013818
0.013924
0.013964
0.01545
0.015691
0.015728
0.015922
0.015941
0.007572
0.007599
0.007625
0.007648
0.013293
0.013313
0.013425
0.013505
0.013559
0.011368
0.011425
0.011484
0.011488
0.010503
0.010562
0.010557
0.010616
0.01319
0.013356
0.013399
0.013387
0.013462
0.008977
0.009002
0.008999
0.00903
0.012744
0.012745
0.012774
0.012866
0.0129
0.009476
0.009564
0.009567
0.009591
0.013271
0.013298
0.013291
0.013346
0.009392
0.009295
0.009263
0.009321
0.009315
0.012154
0.012176
0.012203
0.012237
0.008156
0.008136
0.008167
0.008187
0.00819
0.009106
0.009108
0.009121
0.009132
0.005979
0.006007
0.005989
0.006015
0.006023
0.007322
0.007387
0.007394
0.007409
0.005187
0.005219
0.005251
0.005258
0.00838
0.008448
0.008543
0.008597
0.008652
0.005968
0.006011
0.006056
0.006097
0.007022
0.007095
0.007153
0.007242
0.006617
0.005481
0.005536
0.005629
0.005637
0.008837
0.008968
0.009121
0.009304
0.009137
0.009168
0.009268
0.009358
0.009434
0.013206
0.013384
0.01351
0.013709
0.01
0.010094
0.010189
0.010305
0.013083
0.014698
0.014862
0.015029
0.015239
0.01132
0.011388
0.011546
0.011651
0.015384
0.01552
0.015696
0.015831
0.015975
0.011813
0.011889
0.011969
0.011987
0.019339
0.019474
0.019627
0.019797
0.015093
0.015263
0.015331
0.015447
0.015525
0.022958
0.023189
0.023409
0.023606
0.017449
0.017593
0.017679
0.017838
0.01852
0.025434
0.025638
0.025834
0.025973
0.019024
0.019106
0.019178
0.019294
0.029621
0.029789
0.029995
0.030135
0.030287
0.023436
0.023597
0.023639
0.023783
0.032151
0.032327
0.032477
0.032634
0.026066
0.025164
0.025262
0.025339
0.025452
0.031582
0.03181
0.031826
0.031931
0.018667
0.01878
0.018953
0.019105
0.019255
0.019165
0.019284
0.019412
0.019527
0.014192
0.014253
0.014353
0.014435
0.014515
0.01918
0.019302
0.019417
0.019514
0.025345
0.025473
0.02561
0.025762
0.02588
0.015707
0.015769
0.015825
0.015873
0.024802
0.024927
0.025001
0.025091
0.014831
0.014873
0.014932
0.014934
0.01499
0.022382
0.022428
0.022427
0.022444
0.01355
0.013594
0.013603
0.013558
0.013589
0.018548
0.018552
0.018567
0.018536
0.014851
0.014805
0.01478
0.014799
0.017282
0.017227
0.017166
0.017138
0.017085
0.016267
0.016146
0.01614
0.016098
0.021455
0.021411
0.021331
0.021261
0.02121
0.014594
0.014589
0.014579
0.01457
0.025209
0.025283
0.025305
0.025345
0.025423
0.012105
0.012121
0.012176
0.012187
0.018517
0.018645
0.018677
0.018774
0.011875
0.011927
0.011928
0.011992
0.012009
0.013381
0.013447
0.01349
0.013592
0.009808
0.009877
0.009907
0.009965
0.003814
0.00385
0.00387
0.003912
0.003927
0.001419
0.001425
0.001402
0.001406
0.003487
0.003421
0.003377
0.003292
0.003261
0.001171
0.001166
0.001142
0.001112
0.005044
0.005077
0.005097
0.005156
0.005287
0.005315
0.005358
0.005335
0.005341
0.011413
0.011404
0.011396
0.011395
0.012126
0.012142
0.012176
0.012194
0.006369
0.006342
0.006312
0.006374
0.006407
0.008185
0.008181
0.008214
0.008221
0.011856
0.011876
0.011899
0.011902
0.011918
0.008229
0.008259
0.008307
0.008315
0.014306
0.014329
0.014377
0.014402
0.014499
0.012299
0.012308
0.012351
0.012394
0.021512
0.021708
0.021854
0.021994
0.01043
0.010432
0.01049
0.010562
0.010578
0.012444
0.012487
0.012604
0.012649
0.008042
0.008105
0.008173
0.008236
0.008275
0.008225
0.008288
0.008353
0.008394
0.008478
0.00855
0.008575
0.008617
0.008655
0.009805
0.009824
0.00987
0.009884
0.018294
0.018381
0.018485
0.018577
0.012042
0.012188
0.012352
0.012483
0.012652
0.020205
0.020603
0.020939
0.021275
0.016539
0.01679
0.017008
0.01727
0.017494
0.025167
0.025647
0.026102
0.026401
0.021354
0.021484
0.021723
0.021973
0.022183
0.031315
0.031653
0.031952
0.032308
0.02315
0.023288
0.023457
0.023614
0.033021
0.033197
0.033397
0.033581
0.033741
0.023948
0.023996
0.024083
0.024177
0.032669
0.032766
0.032845
0.032895
0.032932
0.026886
0.026943
0.026967
0.02702
0.038975
0.039012
0.039074
0.039121
0.028546
0.028507
0.028506
0.028515
0.028443
0.034033
0.033872
0.033763
0.033615
0.024536
0.02446
0.024414
0.024319
0.037147
0.036937
0.036767
0.036574
0.036373
0.027166
0.02704
0.026955
0.026857
0.034335
0.034156
0.034051
0.033811
0.033661
0.024993
0.024895
0.02481
0.024676
0.036049
0.035789
0.03562
0.035447
0.030797
0.029733
0.029618
0.029479
0.02937
0.040261
0.040047
0.039847
0.039608
0.03177
0.031691
0.031562
0.03142
0.031352
0.046822
0.046602
0.046423
0.046186
0.036024
0.035933
0.035813
0.035698
0.048866
0.048679
0.048403
0.048216
0.048009
0.038935
0.038772
0.038681
0.038564
0.060376
0.060039
0.059683
0.059489
0.047007
0.046826
0.046652
0.046526
0.046385
0.061834
0.061572
0.0613
0.061081
0.043787
0.043725
0.043588
0.043452
0.062956
0.062683
0.062418
0.062095
0.061923
0.043197
0.043109
0.042964
0.042801
0.048386
0.048204
0.047994
0.047796
0.050419
0.050114
0.049841
0.049628
0.049312
0.033405
0.033349
0.033185
0.033147
0.062311
0.06199
0.061587
0.06126
0.060916
0.039321
0.039178
0.039067
0.038976
0.052377
0.052168
0.051971
0.051738
0.049572
0.049242
0.048951
0.048805
0.048568
0.046426
0.046196
0.046007
0.045769
0.049434
0.049189
0.049023
0.048781
0.060919
0.060564
0.060157
0.059781
0.059498
0.036337
0.036202
0.036105
0.035936
0.055943
0.055525
0.055167
0.054776
0.046955
0.032653
0.032492
0.03238
0.032234
0.053714
0.053252
0.052859
0.052384
0.031536
0.031386
0.031224
0.031116
0.039813
0.039563
0.039354
0.039162
0.038913
0.037897
0.037666
0.037479
0.037255
0.044151
0.043938
0.043701
0.043388
0.026206
0.02616
0.026084
0.026008
0.026013
0.044515
0.044328
0.044226
0.044031
0.023825
0.02383
0.023794
0.023777
0.023737
0.037635
0.037602
0.037553
0.037456
0.022515
0.022517
0.022484
0.02253
0.022505
0.028711
0.028673
0.028669
0.028681
0.025157
0.025169
0.025186
0.025154
0.022914
0.022906
0.022909
0.02287
0.022845
0.022093
0.022114
0.022099
0.022071
0.031308
0.031262
0.031232
0.031195
0.031139
0.016479
0.016506
0.016474
0.016481
0.02494
0.024895
0.024875
0.024844
0.025975
0.067165
0.067198
0.06725
0.067342
0.017493
0.017479
0.017404
0.017365
0.00822
0.008233
0.008235
0.008209
0.008201
0.008506
0.008488
0.00847
0.008408
0.00863
0.00859
0.008588
0.008537
0.009249
0.009239
0.0092
0.009179
0.009197
0.004867
0.004869
0.00484
0.004871
0.00681
0.006809
0.006776
0.006803
0.006802
0.002982
0.002965
0.002974
0.002984
0.003252
0.003279
0.003285
0.003256
0.000783
0.000797
0.000788
0.000783
0.00079
0.001824
0.001815
0.001792
0.001808
0.004266
0.004239
0.004238
0.004197
0.003875
0.00366
0.003721
0.00367
0.003663
0.006571
0.006577
0.006577
0.006572
0.006994
0.007035
0.007032
0.007052
0.007035
0.012124
0.012148
0.012175
0.012173
0.010713
0.010749
0.010734
0.010762
0.015883
0.015924
0.015941
0.015969
0.014319
0.012944
0.01294
0.012973
0.013017
0.020765
0.020798
0.02087
0.020948
0.017649
0.017667
0.017722
0.017724
0.017777
0.026714
0.026826
0.026958
0.027048
0.020777
0.020874
0.020905
0.021002
0.021086
0.02833
0.028495
0.028624
0.028804
0.0219
0.022034
0.022148
0.022257
0.033809
0.034095
0.03434
0.034621
0.034844
0.025465
0.025608
0.025731
0.025837
0.03742
0.037541
0.037786
0.037968
0.038094
0.029178
0.029241
0.029328
0.029416
0.044212
0.044363
0.044464
0.044586
0.037887
0.037911
0.037985
0.038045
0.038086
0.05833
0.058387
0.058469
0.058482
0.04688
0.046933
0.046933
0.047014
0.053173
0.070685
0.070707
0.070841
0.070937
0.053346
0.053409
0.053477
0.053482
0.075972
0.076051
0.076111
0.076139
0.076211
0.061919
0.062025
0.06203
0.062128
0.084767
0.084829
0.084925
0.084957
0.064491
0.064543
0.064568
0.064662
0.064778
0.110215
0.110258
0.110541
0.110701
0.070158
0.070188
0.07031
0.070484
0.074509
0.082641
0.082804
0.082959
0.08309
0.072392
0.072536
0.072663
0.072702
0.096202
0.09645
0.096631
0.096862
0.097007
0.067514
0.067682
0.067888
0.068079
0.074217
0.074453
0.074612
0.074933
0.074087
0.068569
0.068819
0.069089
0.06939
0.043397
0.043567
0.043695
0.043848
0.051167
0.051379
0.051518
0.051705
0.051832
0.051911
0.05204
0.052222
0.052279
0.055106
0.055289
0.055489
0.055654
0.028536
0.028591
0.028683
0.028706
0.028763
0.046603
0.046749
0.046841
0.04698
0.027185
0.027262
0.027361
0.027346
0.042902
0.045204
0.045393
0.045652
0.045795
0.028394
0.028459
0.028537
0.028574
0.037274
0.037366
0.037414
0.037527
0.037594
0.036699
0.03669
0.036764
0.03679
0.043695
0.043743
0.043741
0.043708
0.036873
0.031077
0.031101
0.031038
0.030967
0.046253
0.046102
0.04598
0.045835
0.02983
0.026604
0.026514
0.026473
0.026301
0.046549
0.046165
0.045877
0.045495
0.024357
0.024237
0.024063
0.023898
0.023818
0.031114
0.030779
0.030399
0.030131
0.031467
0.031105
0.030604
0.030177
0.034051
0.033614
0.033142
0.032653
0.032192
0.041185
0.04049
0.039872
0.039145
0.05954
0.058186
0.056903
0.055573
0.040579
0.03922
0.038647
0.038118
0.037535
0.066011
0.064011
0.061978
0.060165
0.043347
0.042561
0.041779
0.041019
0.074399
0.072126
0.069669
0.067765
0.065761
0.051625
0.050628
0.049554
0.048491
0.061372
0.059796
0.058172
0.0564
0.055452
0.061908
0.060119
0.05835
0.056656
0.084207
0.081733
0.079114
0.077248
0.050261
0.049657
0.048963
0.048423
0.047905
0.077287
0.077144
0.077193
0.077493
0.041846
0.042718
0.043678
0.044766
0.067182
0.070149
0.072903
0.075588
0.039486
0.040296
0.041108
0.041953
0.042818
0.065571
0.06701
0.068381
0.069725
0.073974
0.075059
0.076276
0.077287
0.062165
0.06302
0.063835
0.064744
0.065497
0.072792
0.07384
0.074782
0.07584
0.05832
0.059085
0.059625
0.060185
0.070751
0.094685
0.096312
0.098012
0.099699
0.051087
0.051493
0.05199
0.05248
0.081934
0.083085
0.08439
0.085638
0.086851
0.077168
0.078115
0.078745
0.079468
0.11534
0.116982
0.118672
0.120216
0.623849
4.49667
8.175227
12.293305
15.808387
16.521387
16.433283
16.344439
16.262205
16.173271
16.12689
16.085287
16.040133
16.004356
15.973312
15.880601
15.797537
15.710467
15.617696
15.577793
15.538321
15.496697
14.683191
11.368402
7.750607
4.33727
0.723524
0.180613
0.181182
0.181665
0.182285
0.250637
0.251478
0.252552
0.252942
0.221566
0.187736
0.188131
0.188251
0.188946
0.257661
0.258244
0.25922
0.25962
0.181707
0.182189
0.182467
0.183098
0.22882
0.229189
0.229785
0.230313
0.230883
0.168144
0.168432
0.168591
0.168841
0.23319
0.233886
0.23416
0.234642
0.206109
0.168681
0.168907
0.169291
0.169669
0.206283
0.206905
0.207875
0.208617
0.145252
0.145686
0.14633
0.146723
0.147175
0.164926
0.165555
0.166108
0.166527
0.109047
0.109483
0.109882
0.110248
0.159763
0.16064
0.161393
0.16197
0.079155
0.079328
0.079562
0.079829
0.079972
0.11173
0.112178
0.112682
0.113043
0.081721
0.081984
0.0821
0.082273
0.091844
0.091888
0.092206
0.092317
0.092518
0.050391
0.050525
0.050635
0.050729
0.058215
0.058438
0.05858
0.058752
0.058629
0.040831
0.040895
0.04097
0.041071
0.056505
0.056611
0.056771
0.056899
0.041856
0.041876
0.042028
0.042034
0.042162
0.049075
0.049181
0.049261
0.049307
0.041463
0.041598
0.041712
0.041856
0.038787
0.025244
0.025325
0.025405
0.025469
0.029735
0.029944
0.03011
0.030286
0.010757
0.01084
0.010883
0.010944
0.011016
0.005313
0.005299
0.00527
0.005182
0.008457
0.008454
0.008429
0.008403
0.010783
0.011119
0.011079
0.01105
0.01104
0.006727
0.006714
0.006736
0.00677
0.009477
0.014465
0.014443
0.014467
0.014463
0.014804
0.014759
0.014804
0.014766
0.022864
0.022854
0.022854
0.022888
0.022909
0.010289
0.010329
0.010341
0.010317
0.01494
0.01495
0.014953
0.014966
0.008009
0.008044
0.00802
0.00801
0.008058
0.011211
0.01126
0.011256
0.011254
0.019121
0.019117
0.019161
0.019217
0.019189
0.030001
0.030053
0.030107
0.030193
0.027011
0.027119
0.027184
0.02724
0.027317
0.034478
0.034523
0.03458
0.034615
0.020593
0.020602
0.020638
0.02064
0.025575
0.025495
0.025447
0.025381
0.021788
0.019724
0.019631
0.019585
0.019538
0.033871
0.033716
0.033624
0.033531
0.031489
0.027525
0.027605
0.027562
0.027578
0.045385
0.04553
0.045628
0.045813
0.05492
0.055061
0.055162
0.055387
0.055453
0.073917
0.074456
0.074797
0.075261
0.04915
0.049408
0.049728
0.049948
0.057499
0.085439
0.086169
0.086826
0.087393
0.051566
0.051761
0.052081
0.052325
0.087689
0.088456
0.089196
0.089855
0.090477
0.053988
0.054132
0.054325
0.054474
0.073907
0.074349
0.074714
0.074977
0.074578
0.074497
0.074835
0.0751
0.075435
0.073427
0.073684
0.073837
0.074024
0.073086
0.073134
0.0731
0.073112
0.073097
0.070664
0.070568
0.070477
0.070344
0.064467
0.064395
0.064246
0.064138
0.059017
0.053923
0.053844
0.053736
0.053562
0.036185
0.036096
0.035935
0.035778
0.037989
0.037814
0.037575
0.037392
0.04259
0.055766
0.054818
0.053926
0.052988
0.033158
0.032899
0.032595
0.032292
0.070916
0.069938
0.068873
0.067768
0.065211
0.061483
0.060949
0.060364
0.05986
0.08914
0.088144
0.087242
0.086351
0.070365
0.069886
0.069538
0.069015
0.080205
0.11334
0.112397
0.111445
0.110485
0.092589
0.092289
0.091967
0.091667
0.143935
0.143115
0.142446
0.141628
0.140819
0.098524
0.098313
0.098079
0.097935
0.128563
0.127994
0.127434
0.12685
0.104724
0.093003
0.092787
0.092515
0.092308
0.142275
0.141605
0.140971
0.14057
0.097659
0.097515
0.097307
0.09711
0.135053
0.136427
0.136152
0.135803
0.135636
0.103711
0.103606
0.10355
0.103444
0.145273
0.145231
0.145092
0.144914
0.144937
0.117307
0.117311
0.117396
0.117402
0.147453
0.147401
0.147214
0.147202
0.12984
0.10092
0.100894
0.100925
0.100837
0.153421
0.15326
0.153069
0.152983
0.086658
0.086626
0.086525
0.08651
0.086725
0.096444
0.096294
0.096221
0.096203
0.074446
0.074322
0.074225
0.074313
0.087125
0.0871
0.086926
0.086804
0.086681
0.060442
0.060403
0.060345
0.060312
0.090508
0.090543
0.090433
0.090348
0.090288
0.044901
0.04484
0.044824
0.044761
0.062728
0.062652
0.062536
0.062473
0.059124
0.048003
0.047981
0.0479
0.047867
0.062534
0.062544
0.062439
0.062402
0.043827
0.043834
0.043822
0.043766
0.04369
0.05196
0.051975
0.051859
0.051843
0.038074
0.03805
0.038024
0.037962
0.038454
0.03844
0.038431
0.038405
0.038383
0.029116
0.029114
0.029091
0.029086
0.017305
0.017332
0.017292
0.017341
0.021268
0.022339
0.022354
0.02235
0.022373
0.019083
0.019116
0.019152
0.019158
0.023014
0.023024
0.023062
0.023069
0.013617
0.011863
0.011871
0.011836
0.011847
0.018974
0.018959
0.018959
0.018976
0.008298
0.008325
0.008318
0.008325
0.008354
0.012358
0.012386
0.012388
0.012384
0.005507
0.005513
0.00553
0.00552
0.002549
0.002543
0.002573
0.002574
0.002572
0.005168
0.005201
0.005214
0.005198
0.01472
0.014713
0.014748
0.0148
0.013807
0.013828
0.013874
0.013927
0.016992
0.018156
0.018186
0.01825
0.018287
0.010452
0.010522
0.010526
0.010596
0.023459
0.023529
0.023684
0.023857
0.023963
0.021246
0.021335
0.021403
0.021488
0.043261
0.043539
0.043826
0.044069
0.038462
0.036111
0.036241
0.036391
0.036584
0.056863
0.057174
0.0575
0.057764
0.051556
0.051804
0.052123
0.052431
0.052711
0.072474
0.072797
0.073165
0.073521
0.051445
0.051534
0.05168
0.051776
0.08418
0.096975
0.097201
0.097436
0.097586
0.065178
0.065298
0.065413
0.065541
0.111075
0.111304
0.111628
0.111937
0.099483
0.057761
0.057907
0.057972
0.058095
0.090411
0.090383
0.090483
0.090522
0.065898
0.066313
0.066702
0.067085
0.068149
0.071091
0.07126
0.071618
0.071835
0.083753
0.083999
0.084221
0.084644
0.097595
0.098022
0.098346
0.098731
0.097217
0.067861
0.067902
0.068058
0.068301
0.115989
0.116322
0.116601
0.116835
0.112029
0.070166
0.070201
0.070266
0.070348
0.130987
0.131169
0.131368
0.131599
0.070376
0.070364
0.070515
0.070567
0.070658
0.12296
0.123061
0.123284
0.123322
0.113597
0.113849
0.114045
0.11433
0.123814
0.126172
0.126311
0.126557
0.126758
0.106377
0.106462
0.106548
0.106725
0.142661
0.142822
0.143081
0.1433
0.133291
0.118659
0.118893
0.119155
0.119311
0.108837
0.109008
0.10926
0.109413
0.146714
0.147064
0.147347
0.147668
0.106947
0.106513
0.107197
0.107902
0.108602
0.134284
0.13494
0.135395
0.135928
0.097396
0.097848
0.098194
0.098698
0.112626
0.117265
0.118093
0.11874
0.119598
0.077647
0.07817
0.078674
0.079108
0.082929
0.083873
0.084824
0.085693
0.065504
0.038947
0.039577
0.04021
0.04085
0.034135
0.034568
0.034912
0.035381
0.024412
0.023754
0.0231
0.022401
0.021651
0.056146
0.055312
0.054232
0.05315
0.050827
0.050555
0.05036
0.050158
0.06274
0.07271
0.072543
0.072334
0.072206
0.055363
0.055283
0.055252
0.05523
0.076063
0.075968
0.075886
0.075892
0.075868
0.048396
0.048403
0.048459
0.048406
0.054515
0.054511
0.054436
0.05438
0.042479
0.042431
0.042383
0.042328
0.049389
0.073874
0.073667
0.073588
0.073485
0.058382
0.058242
0.058166
0.058102
0.088394
0.088331
0.088144
0.088115
0.087906
0.075312
0.075227
0.075091
0.075046
0.135084
0.134373
0.134054
0.133523
0.103461
0.103263
0.102824
0.102555
0.102325
0.134453
0.133855
0.133472
0.132864
0.119479
0.119039
0.118658
0.118205
0.145331
0.178947
0.178266
0.177532
0.176811
0.139372
0.139011
0.138389
0.138061
0.208795
0.20778
0.20671
0.205472
0.19875
0.165539
0.16482
0.164007
0.163356
0.261992
0.259703
0.257285
0.25473
0.191482
0.190718
0.190014
0.189109
0.197337
0.216293
0.21431
0.212366
0.21005
0.208407
0.205602
0.203243
0.200192
0.144139
0.142806
0.14135
0.139722
0.16414
0.232348
0.225504
0.219872
0.212988
0.100278
0.098242
0.096031
0.093769
0.103481
0.101299
0.096816
0.092209
0.087574
0.163301
0.161241
0.159613
0.158057
0.089161
0.085753
0.082482
0.080007
0.103206
0.098201
0.092546
0.088037
0.082919
0.073356
0.067864
0.062714
0.058611
0.028547
0.026938
0.025598
0.024461
0.028099
0.051067
0.054987
0.059329
0.064185
0.049683
0.051585
0.053368
0.055217
0.102194
0.106378
0.110646
0.114818
0.106188
0.04191
0.043211
0.044637
0.046068
0.081483
0.083302
0.085692
0.088045
0.130455
0.133353
0.135446
0.137607
0.151434
0.190783
0.192958
0.195273
0.197468
0.092432
0.092913
0.093304
0.093716
0.12738
0.126512
0.125505
0.124702
0.122717
0.050146
0.048973
0.047543
0.04658
0.094478
0.090526
0.086706
0.082822
0.063645
0.062491
0.061576
0.060576
0.059536
0.101149
0.098808
0.097063
0.095057
0.09841
0.096148
0.094482
0.092681
0.090545
0.085322
0.083425
0.081325
0.079084
0.077535
0.075491
0.073465
0.071358
0.090521
0.106177
0.103275
0.100154
0.097113
0.071255
0.069852
0.068593
0.067328
0.14495
0.144076
0.143381
0.142705
0.109027
0.085012
0.086343
0.087607
0.088751
0.151022
0.154302
0.157666
0.160348
0.106866
0.107781
0.108348
0.109248
0.109503
0.117128
0.118001
0.11894
0.11994
0.172559
0.173808
0.174921
0.17587
0.19548
0.197823
0.200488
0.203021
0.168623
0.114439
0.115261
0.116102
0.116871
0.243524
0.245008
0.246312
0.247368
0.182841
0.135759
0.136385
0.13684
0.137285
0.182263
0.182782
0.183485
0.184183
0.205453
0.206195
0.207138
0.207973
0.208431
0.228425
0.229451
0.2305
0.2314
0.191944
0.19262
0.19315
0.193944
0.196255
0.198486
0.198932
0.199934
0.200763
0.23479
0.235721
0.236464
0.237519
0.187044
0.187396
0.187764
0.188091
0.231826
0.232462
0.233292
0.233762
0.233511
0.15139
0.151905
0.152121
0.152327
0.188674
0.188993
0.18952
0.189847
0.107511
0.10777
0.107782
0.107983
0.122858
0.127663
0.12787
0.12797
0.128146
0.089338
0.089398
0.089565
0.089567
0.09537
0.095419
0.095577
0.095704
0.093809
0.09288
0.092883
0.092795
0.092711
0.068045
0.068016
0.067849
0.06788
0.061886
0.061818
0.061847
0.061751
0.061757
0.085223
0.085166
0.085176
0.085264
0.053643
0.053638
0.053675
0.053732
0.061076
0.06105
0.061065
0.061133
0.034336
0.034108
0.034128
0.034126
0.034139
0.045842
0.046102
0.046126
0.04615
0.046115
0.028092
0.028052
0.028126
